-5.639954618556979327e-01 3.563673533935719506e-01
9.457764503006860224e-01 8.727419368552976620e-01
1.632994590984301109e+00 2.656460040168140857e+00
1.419950821859759627e+00 2.014705837563923296e+00
7.565277277138590106e-01 5.678438997993953130e-01
7.246539197116410591e-01 5.987594448285775695e-01
1.584663474145990181e+00 2.656529003070047246e+00
4.253584916081227796e+00 1.818489260584034639e+01
1.485839069603155371e-01 2.045585670235365583e-02
1.523066060601059313e+00 2.199312798843735983e+00
8.738324230687150029e-01 7.513958971789009844e-01
6.904813751692162604e-02 -1.218863892547559225e-01
9.669591308587278666e-01 1.104876202350876024e+00
-1.664454335912779470e-03 2.387458522719621001e-02
6.548412469882900488e-01 5.112511635150974731e-01
1.613125206985856819e+00 2.583614346368912074e+00
1.126989024193145061e+00 1.279048937692826460e+00
1.785681538716300532e+00 3.065155674623797566e+00
1.321240150089531440e+00 1.838754301787459244e+00
7.233691736697355212e-01 4.777502231931487486e-01
-3.730799142456046602e-01 1.445322899040040188e-01
9.899735507072290330e-01 9.036403678023314789e-01
1.403493922083687284e+00 1.896228995605304224e+00
2.687244636797762709e+00 7.253072598511430158e+00
2.955646808611536613e+00 8.815846418920013861e+00
-4.704043432897250798e-01 2.624618553767053553e-01
1.820138073598780437e+00 3.249437695558435646e+00
5.649064531087020224e-01 3.731943558721578791e-01
1.439146083237050400e+00 2.133935404183374906e+00
9.996146641095728924e-01 9.270524338605811154e-01
-2.536036451328342878e-01 2.818090830773423150e-02
1.231810876490422452e-01 8.249375501527478338e-02
9.073802049060727404e-01 8.244253831411348932e-01
1.288979997919640352e-01 2.342519648806429267e-02
6.856743138893031109e-01 5.147707521403965814e-01
-2.025845691078962396e+00 4.096808543132547165e+00
-2.214030966833101743e+00 5.028541978270897772e+00
2.108660955883530974e+00 4.383801291685763601e+00
6.046048754047554930e-01 3.262822416605595244e-01
1.092915401478136150e+00 1.103312796857404798e+00
8.704129607875662478e-01 7.306175248232514852e-01
1.026202142838525955e-01 -5.546824258172328159e-02
3.557339895881039826e-01 3.882597735759274471e-02
8.255276220090970174e-01 7.045075995212195519e-01
1.110539566881912021e+00 1.214137759614579481e+00
2.292040157971645398e-01 1.235266408877749855e-01
7.939996204428281246e-01 4.832572316234073906e-01
2.040737772491700852e+00 4.029267815168132927e+00
9.502163373641880906e-01 8.604467059952847219e-01
1.681569149399934293e+00 2.832527135198433133e+00
1.117219091057673364e+00 1.277342982800227844e+00
7.272009577317558593e-01 6.349015054104816258e-01
1.281308874270291609e+00 1.683820490991367658e+00
2.222867762041320194e+00 5.018525193167000964e+00
5.217188137463111275e-01 4.458093844250120563e-01
1.444160857928569852e+00 2.037614768640211960e+00
1.773777402577335849e+00 3.277553885418026169e+00
2.559627723768058694e+00 6.470692322055045409e+00
1.261046048783650564e+00 1.541870841847288620e+00
8.021278341703603765e-01 6.699266624557416172e-01
1.119768313276033878e+00 1.194331117755701221e+00
1.072242592958102314e+00 1.213196684619352927e+00
2.277552672744828366e-01 8.197633787866759336e-02
1.934511354762371793e+00 3.726600838026578710e+00
8.132651476333759843e-01 6.955883347369107295e-01
-4.833509200263416128e-01 2.836820762451451872e-01
5.794564445514999163e-01 3.479091189792696825e-01
-1.358589639073717992e+00 1.779821614994908208e+00
1.267706408748596525e+00 1.565483620702428524e+00
6.798278214380506501e-01 4.262507796231111978e-01
4.599600786824032950e-01 2.138970129082577998e-01
2.404807529156401946e-01 7.260277739293941046e-03
5.586549375861951106e-01 4.322938956370353525e-01
7.208700317149171477e-01 4.309965666578521315e-01
1.939650545801604675e+00 3.861139339224563649e+00
1.407202306906559786e-01 7.592748656958320241e-02
1.257681667351598032e+00 1.644137673614623152e+00
-1.588181905935277083e+00 2.522537884875275083e+00
8.258358385593204121e-01 6.416125217613510845e-01
2.215845488950877185e-01 3.252802562082052207e-02
2.642207268485611493e+00 7.001705623463659656e+00
7.558053373239672634e-01 5.234223644045032930e-01
1.195022352079051053e+00 1.440286903600057844e+00
5.645899501477608107e-01 3.132038805966068096e-01
1.194537701831314802e+00 1.427343545117791379e+00
7.603913732473638332e-01 5.511094150750238674e-01
1.141688608644780167e+00 1.370027670081486626e+00
1.096589634225465959e+00 1.240800763068540036e+00
2.022074184664904184e+00 3.968601910793617460e+00
8.436213581771492276e-01 8.046315266090361407e-01
1.128592725528029694e+00 1.231153674468825177e+00
8.605290071278790531e-01 7.574098832392315295e-01
6.019914945363795677e-01 3.377210849139898885e-01
2.070203949681306277e-01 -4.585350623916362167e-02
8.029518784609703808e-01 5.350080070171876478e-01
9.790503920252905390e-01 1.075158068879269457e+00
1.338313377549206873e+00 1.724596467613920048e+00
1.587419990433935890e+00 2.476563229221453888e+00
1.708122158552190184e+00 2.929095629409437240e+00
4.943095098798946374e-01 2.108523439236550667e-01
-5.217903513998647380e-01 3.354003962901169755e-01
2.140027732230917135e+00 4.479750424712747758e+00
-2.751081147499460089e-01 -6.564532296917935383e-02
1.835456653639807811e+00 3.350832763014056859e+00
2.115758515378843185e+00 4.479456690373273986e+00
2.337975584644683025e+00 5.533645995556227604e+00
1.561181157795382690e+00 2.372791805767079154e+00
4.248925527866321161e+00 1.790813535191936978e+01
7.880523753228947381e-01 7.789347599297321567e-01
1.458561948812740816e+00 2.115005911079099743e+00
1.263195237067942900e+00 1.699848537933198900e+00
1.858475633404416572e+00 3.362707914086560557e+00
6.850414472089375595e-01 5.345497336732433213e-01
1.079016516719106367e+00 1.277512311228290232e+00
2.077234795719232974e+00 4.204800885114790887e+00
1.313422172284861134e+00 1.781918782639317911e+00
1.005827933882506020e+00 9.830411395754883319e-01
8.261934397794127305e-01 7.709841016060162699e-01
4.043389186547250436e-01 1.062876434247371771e-01
2.643012781355317253e-01 4.362540595888385331e-03
2.189672088934140337e-01 1.058183694727277135e-02
1.022889898353577465e+00 9.750381916271344540e-01
1.329420222112740246e+00 1.722203431581801114e+00
1.467561806921646728e+00 2.016664077606125982e+00
8.133892306315410048e-01 7.342364751555757740e-01
1.768919082539336163e+00 3.120427465356748975e+00
5.564239083044848488e-01 3.560522455919947205e-01
1.136848065459977075e+00 1.262497326604750114e+00
1.361890215930479986e+00 2.023205459005855911e+00
3.658316321963844264e-01 2.644930182659288587e-02
4.542223999854050343e-01 2.180638397659117600e-01
9.613684344831026074e-01 9.388454096880727295e-01
5.887267987600107721e-01 3.501781528149119915e-01
7.696706072230904416e-01 5.948890131363417932e-01
2.273924748430548703e+00 4.945588117741212209e+00
1.925085242948166853e-01 6.260229403859107755e-02
-2.106675320389528316e+00 4.418020210439489226e+00
1.660418048627548826e-01 1.317709828348349599e-01
1.167449471320913812e+00 1.421596436072362080e+00
2.997462262447383452e-01 7.299770199980537555e-02
1.859344962910186805e+00 3.474890131982388386e+00
1.393425984896073944e+00 1.859167342884037843e+00
1.247650138908742434e+00 1.595262407027894014e+00
9.214497207020697633e-01 8.153422534511869380e-01
9.900631947369956665e-01 9.991353543090929490e-01
2.264147646012958925e-01 1.166170835142294193e-01
8.305115980481195259e-02 -2.040130933517293743e-02
3.781450353551347732e-01 6.993883801243623577e-02
1.168437869395622553e+00 1.246394855649851419e+00
4.890404131571414181e-01 2.319549696794084293e-01
-7.677234412037536870e-01 4.570209529511831681e-01
-9.486752691761768386e-02 6.957607462847466284e-03
2.506374806632996055e+00 6.216534700641791034e+00
2.925195128168359915e+00 8.528803327887688468e+00
2.041068990238448677e+00 4.177155799757446886e+00
1.891918823632642299e+00 3.548856186128799717e+00
2.581289830604086344e+00 6.514692745860930501e+00
1.416139829708025655e+00 2.030148413573427568e+00
4.850964625016711551e-01 1.425179581719446809e-01
1.830526954901661174e+00 3.435824877032600089e+00
6.845306454700510468e-01 4.331274508879976448e-01
1.622390395221120052e+00 2.651304575646354245e+00
1.625954123407450824e+00 2.621831916394413042e+00
1.293197332565499735e+00 1.564072867364856734e+00
8.926179809582437397e-01 8.554174698671110910e-01
1.334315347210655256e+00 1.673693904963547974e+00
4.430941291300656837e-01 1.821562216480771823e-01
-1.330422039513983190e-01 -9.349968147947307351e-03
1.046106950760523624e+00 9.588309196443522975e-01
1.649130618335383325e+00 2.724883630681607993e+00
1.327265808809043879e+00 1.718292021307232353e+00
1.482183887351271157e+00 2.124110775077518554e+00
1.850728115973833132e-01 2.357853568569569236e-02
5.472196976492583742e-01 2.435205506490116800e-01
1.382846819940721339e+00 1.977699894156845106e+00
-5.101720993645597613e-01 3.106226447588079642e-01
5.663685799983969593e-01 1.727294254028419740e-01
-1.924125035419111951e-01 3.095625195775275618e-02
1.737758109554471186e+00 3.092759352737734613e+00
1.066391630473844776e+00 1.128590978471631479e+00
5.730832509950518627e-01 3.754545692237616361e-01
9.968998145388698884e-01 8.515042170462736593e-01
7.217408827281670547e-01 5.714616868872738342e-01
1.960561248659395961e+00 3.822536811777588195e+00
1.496062639196726884e+00 2.281547088572565052e+00
9.245036399978988628e-01 7.712467727104539428e-01
9.044055903703474009e-01 8.065731652397679641e-01
2.516172405460537220e-01 3.819019267429679676e-02
8.219820745259904804e-01 5.904494740639556483e-01
6.685988410789396319e-01 4.343743093229132657e-01
7.948357764372004919e-01 5.332168644085995002e-01
1.773286224791960519e+00 3.122580733268672137e+00
1.328913185971452693e+00 1.730727257305385347e+00
2.096691950350390243e+00 4.337255432251903464e+00
8.171852570701727547e-01 7.510162043729811110e-01
6.433594933339499278e-01 5.163629356498182776e-01
2.143875324733577337e+00 4.594022938827389879e+00
1.850040891545909894e+00 3.463049376180407091e+00
1.741345152502955962e+00 2.921035984914254868e+00
2.825833066491196810e+00 8.016101896974628715e+00
7.802493571474973244e-01 5.603702142021729227e-01
-1.178923099306627975e-01 8.309021678443573311e-02
1.858243142957726413e+00 3.515203744299713051e+00
-2.414320455531339948e-01 1.541130971768524816e-01
2.143886185023506086e-01 7.545845307745435715e-03
9.207932009678103658e-01 8.132266753887472666e-01
2.999839295169578479e-01 3.214151712645070547e-02
3.933822542089502328e+00 1.543085762205354783e+01
-2.202442319019730643e-01 2.609299884238713840e-02
7.832623021651041739e-02 1.225839389988004902e-01
1.274325246115468380e+00 1.618408694856753982e+00
4.867261047962980758e-01 1.846791999334699286e-01
1.636167244176653934e-01 1.481626211984423402e-01
2.636428547631221031e-01 9.517887608388275744e-02
4.315234908652412216e-01 9.925963968960949124e-02
1.365199500974554614e-01 -6.864967439780744751e-02
9.076458815893803100e-01 7.167105705686120931e-01
1.490070635650095898e+00 2.286446220748266533e+00
5.482135090933879518e-01 3.710127175906205999e-01
4.677399395135194426e-01 3.231773630698564492e-01
1.667161408842906312e+00 2.912862088343594280e+00
1.156105720005363047e+00 1.417103874173485378e+00
4.798112305775488751e-01 1.237748371882960718e-01
8.925330368019113170e-02 -1.675168122244680147e-02
1.400095605017946943e-01 8.793315380866678632e-02
1.023684830748409214e+00 1.048245283816098716e+00
1.082813256807226843e+00 1.105226563720059341e+00
5.413342385106740817e-01 3.276488759351688373e-01
-6.738787451364700587e-01 4.153448985814615080e-01
4.131258736318986768e-01 1.590574390046863851e-01
1.606262482969917915e-01 -1.410832718175623057e-01
1.737153539538882185e+00 3.225126966240406290e+00
7.757148089963317172e-01 5.939197730756408111e-01
-1.010567142167992372e-02 5.537795601863947093e-02
5.054444925789320919e-01 2.567900170058520226e-01
2.026256724640565388e+00 4.088758345384939652e+00
-2.092693093527318915e+00 4.346132476901424013e+00
6.060345362071581921e-01 3.597585327971170033e-01
5.160316950375329892e-01 3.463123671176399077e-01
-4.745883788524532521e-02 5.669326298307304779e-02
1.494316570012535150e+00 2.270234866061763501e+00
8.756969596000168110e-01 9.457316419285601850e-01
1.421262853191410436e+00 2.066735199942492329e+00
4.144879815146470525e-01 1.044702673659394648e-01
4.247472654297796968e-01 9.279708891642268753e-02
1.643494986875006836e+00 2.708035960566240963e+00
8.144401245432927317e-01 6.417879582269295780e-01
6.349266665344408533e-01 4.788669243319506608e-01
1.114692234476428290e+00 1.252922894049890656e+00
7.672113295313733872e-01 5.215517337730949388e-01
5.182940351242371069e-01 3.187651110127319720e-01
5.610379535216194480e-01 2.979087810468858954e-01
8.772147357934207967e-01 7.108145062418229632e-01
1.052800950571905592e+00 1.127357077859026502e+00
1.097994596452632088e+00 1.224200950273101718e+00
1.089512108494490317e+00 1.130383020504670544e+00
2.043403790088002214e+00 3.985318605401682035e+00
1.741099512455318798e+00 2.912459123956300910e+00
5.323796775383011770e-01 2.996772745740728938e-01
1.557796239193394161e+00 2.488788102986491779e+00
2.286739630085077302e-01 7.181643938014270478e-02
1.572751017877288104e+00 2.391758997787654550e+00
2.452639967419964484e-01 -3.287439625213992023e-02
4.564201679852837312e-01 1.929089377984686271e-01
4.414450524392959929e-01 2.181665434465324682e-01
-3.393133086289371603e-01 3.211936318900845966e-02
1.249676393148205999e+00 1.602946118179388257e+00
5.726960408033043848e-01 3.235797435514355946e-01
1.393873777651887691e+00 1.961262718109495040e+00
4.162290465527250793e-01 2.003218407418173308e-01
5.383533958382387130e-01 2.759725788191498275e-01
5.277992742406789617e-01 2.532697509204644426e-01
1.134591635341173355e+00 1.269098612541962101e+00
2.078098739027464115e-01 2.628204816701151803e-02
7.982313380715131412e-01 4.415090896025777312e-01
1.071898750950941448e+00 1.188519323116063564e+00
7.158105429563296207e-01 5.907612455935844498e-01
5.698144654559954558e-01 2.633702125258521320e-01
1.192019863229321963e+00 1.503158695701041214e+00
1.230594552756056004e+00 1.469353740019500698e+00
1.381792796125543843e+00 1.937085714671550329e+00
1.327848812692728142e+00 1.756250705194889017e+00
1.659612880413848579e+00 2.776159950196438686e+00
1.657107441967556216e+00 2.843457689807194821e+00
3.597460376528420767e-01 2.659074432827823187e-01
2.136315237903835929e+00 4.656190223310924914e+00
3.955083549029284606e-01 9.300785698846050775e-02
1.009363812015784179e+00 1.048250073747991618e+00
7.168481779674968912e-01 5.477498048687532428e-01
6.310996037800732372e-01 4.025291984914038945e-01
9.810549857894353964e-01 7.879235811758502628e-01
4.487618598459697239e-03 -1.051186672395338917e-01
7.459631089536908899e-01 5.080723155117340406e-01
-3.035456529403258719e-01 9.312400944231777333e-02
1.369827902077956905e+00 1.784232594089544710e+00
1.162879551760560126e+00 1.396047353798362201e+00
2.587800749080399476e-01 1.611355723588732691e-01
6.640783954208855366e-01 3.979759314994159580e-01
1.335320187515024015e+00 1.828675903882203135e+00
2.956550379752576063e+00 8.674098676849196110e+00
8.561338050690801005e-01 7.139652971651496705e-01
7.145362922120174209e-01 4.666065031533148666e-01
1.013443478590728697e+00 9.920095883872133147e-01
9.515482112431434825e-01 1.011750587589561379e+00
1.830871115837943597e+00 3.363542482486429286e+00
1.750888755844697275e+00 3.069373277381987730e+00
1.866189020541374699e+00 3.604620856929253492e+00
3.935043284729369706e+00 1.552271381090742075e+01
4.383604237254082325e-01 1.271981656411747541e-01
2.043288881774867338e+00 4.187818978127141989e+00
1.650389594137050331e+00 2.893536134535442894e+00
1.441110496455526357e+00 2.046419918281011885e+00
1.713338705281133967e+00 2.927392642613293461e+00
-4.772809690290091833e-01 2.315788703849397390e-01
1.838741426523224476e+00 3.397217766550421736e+00
-2.664230745859206273e-01 6.031848639041459403e-02
1.452036513327375822e+00 2.120842330695634104e+00
1.852044545818010590e+00 3.496842500656248465e+00
-1.347331564020781691e-03 -1.303190285478383892e-02
1.744369790538669029e-02 5.842910321943683982e-02
2.742121555969203595e-01 1.170412664576487849e-01
1.623355925546172029e+00 2.668072925844009458e+00
1.090144048180197611e+00 1.225386841577865038e+00
1.531716698444237856e+00 2.232067731389931531e+00
6.152271303861480689e-01 4.235452007785694417e-01
1.334797411466118078e+00 1.806311047300873884e+00
-2.607365859639328987e-01 5.607597736795247312e-02
7.189696434375297818e-01 6.031060604424911542e-01
2.968473053096268299e-01 1.139877059062604503e-01
1.389782053739511580e+00 1.849036882733203768e+00
4.033234460020105328e-01 2.572401142290253739e-01
1.904627544150598872e-01 1.998089637205018865e-01
1.472117190886246929e+00 2.221306719092905002e+00
1.014938516351118647e+00 1.060598108512600390e+00
6.937929510513385356e-01 4.175717008108864592e-01
1.436589854002530364e+00 2.079685131096439488e+00
-2.098816794087494664e+00 4.465207041078189221e+00
1.729962747955744895e+00 3.026792738012907602e+00
3.348624462406398772e-01 5.398682931067647767e-02
1.328978712481525326e+00 1.727436012933907028e+00
1.100343018961970731e+00 1.258015996818035553e+00
-3.664852639440437931e-01 5.097704508134116158e-02
1.426796714120242560e-01 2.475293485504698188e-02
1.494695210005961172e+00 2.297487252772578703e+00
9.324911910043424124e-01 7.914617202760729775e-01
2.383165630462940499e+00 5.698504975062711253e+00
1.408644850358668155e+00 1.996910584198934080e+00
2.428389277797063706e+00 6.075370594038666638e+00
7.674418383863176318e-01 6.008423533635572911e-01
2.080788419171880399e+00 4.236897361834738973e+00
1.057953948593989502e+00 1.085946798470056374e+00
3.393867208744187347e-01 1.109309870135083559e-01
1.058514443004328509e+00 1.062838747772420600e+00
1.456385915266769082e+00 2.023743524818289785e+00
1.204069968393381318e+00 1.444506953344182998e+00
1.502059754225475441e+00 2.040590551895734794e+00
2.523018361958896172e+00 6.141697910243959946e+00
4.302314473153075469e-01 1.860155901079034169e-01
1.507480540719735140e+00 2.247237435987121223e+00
2.132460975691105709e+00 4.559821861154366829e+00
1.020675224609847165e+00 1.014853890170050565e+00
3.159438091249114344e-01 1.672844443081841770e-01
9.571904190318001326e-01 8.533462109399772011e-01
8.439038439731952890e-01 6.706444654620506984e-01
7.883708739189905224e-01 5.553452725704082216e-01
8.100705037995833413e-01 8.265205772409764950e-01
-2.331730685140270820e-01 1.270018088547131829e-01
6.590404944751826477e-01 2.099725892947506001e-01
8.229883663753888579e-01 7.456216966002625623e-01
1.288510638136073583e+00 1.752765357857902107e+00
9.819765419274908425e-01 1.128522429579057240e+00
1.748350283013099471e+00 3.010828165089806774e+00
1.828763940086568507e-01 -1.111396899740696442e-02
1.398662709732739540e+00 1.918654350841705991e+00
1.204400492340770512e+00 1.482831893553628877e+00
5.240654694463744434e-01 3.365549222967868515e-01
-7.377851768614301919e-02 1.139169082570015978e-01
1.099866973681707272e+00 1.240496541402342556e+00
-1.706001675779934834e-02 1.514039809331403641e-02
4.495282025969773443e-01 2.182494907603333978e-01
2.647288063314077622e+00 6.981127903537855062e+00
4.135657857090936362e-01 1.888664212006063714e-01
-4.177409723751582815e-01 2.271154650999614444e-01
1.263390068189969684e+00 1.622256116863655784e+00
3.951474390354348665e-01 1.295826651426255083e-01
1.730418814492950652e+00 2.978595215560682519e+00
2.094570853480466788e+00 4.390624831377401449e+00
1.186294096487192418e+00 1.323232499395687434e+00
5.464193768158834286e-02 -1.380884840601361296e-01
6.612494709876892696e-01 5.544059673890786577e-01
8.289164364000035645e-01 6.824953916908181872e-01
-2.581231225429470033e-01 9.090910031445040285e-02
2.744184221503941368e-01 1.099720736769485840e-01
1.574862488532191129e+00 2.398532326999785802e+00
6.813669453742754456e-01 4.482422506134652318e-01
1.378878600536522336e+00 1.895220215475795111e+00
-4.727970223163146524e-01 2.328577921661334482e-01
7.124118952030825680e-01 5.730399596622337555e-01
1.140073696156791438e+00 1.253681190529205569e+00
1.035100387882894601e+00 1.152491049624749131e+00
1.093670160061596786e+00 1.211642800718021995e+00
3.134619530262879872e-01 6.781559483385957154e-02
1.052675587971604765e+00 1.177870495291914565e+00
2.342090858610101467e+00 5.445525893515378968e+00
1.694129509721614246e+00 2.877110519829786384e+00
1.151691218579611098e+00 1.193986468800046552e+00
9.958834804260379148e-01 8.646576344489793620e-01
4.131420634625799337e+00 1.706808064407393388e+01
7.090665733482454103e-01 5.938853945571064274e-01
2.788994449047312862e-01 4.235001035350016707e-03
1.602907410330038696e+00 2.589031474211771044e+00
1.747952146377307336e-02 -6.157018541418790569e-02
1.736494926986276388e+00 2.989063486804411696e+00
-6.008056898769609244e-01 3.704409004110167380e-01
1.544610871690358600e+00 2.465933108807906837e+00
1.335927973083840814e-01 -1.144271797741285013e-03
8.966186903284070753e-02 4.279384721906604599e-03
6.670835975096642834e-01 5.770519916791244652e-01
4.464800573895045255e-01 1.721607176458085642e-01
1.493549728220368911e+00 2.246088700384698100e+00
2.129744390020887224e+00 4.574903708577295447e+00
1.264277415055764964e+00 1.552940950891027461e+00
4.953727820337638366e-01 2.559718796473524072e-01
6.606592704951279593e-01 4.684552038711057853e-01
8.282426941944279752e-01 8.098434290004037361e-01
2.096971101144594896e-01 -1.950013534237648657e-02
9.817612405710611778e-01 9.271693759492802833e-01
7.625913905795995706e-01 5.612068093236441957e-01
1.098635892765715383e+00 1.270940948121895619e+00
6.802054446235521468e-01 4.346129744315443966e-01
3.896445138531098307e-01 2.199708718523305240e-01
5.088349979518653754e-01 3.801277535953061504e-01
1.792008442872148333e+00 3.230072476788313551e+00
1.415431453484444102e+00 2.048720132735303512e+00
1.772431129723103793e-01 -1.747874073163523112e-02
3.394251283265396490e-01 2.056386503088729889e-01
-2.055277728361056155e+00 4.230109573091879405e+00
8.746162896658131736e-01 8.085793935806586674e-01
9.575517020823840486e-01 9.523616852551802792e-01
8.203745614968095401e-01 6.158554961264823824e-01
1.655841308236509546e+00 2.645441356765436680e+00
1.117935530802507405e+00 1.314657974000922325e+00
1.272290059364505899e+00 1.845562771436571436e+00
1.078896283672792444e+00 1.187441749022956738e+00
1.030550123304208032e+00 1.131480265755539172e+00
5.852746325015294460e-01 3.407815874404633849e-01
5.110739991377950542e-01 3.285433192060528418e-01
1.413275572468925212e+00 1.969390381975473225e+00
3.558571169299135084e-01 6.596164394403164488e-02
9.115428169908779132e-01 8.375105986195507946e-01
1.125418740332510659e+00 1.253591564932588165e+00
2.513806570199276447e+00 6.306725215409795027e+00
6.133279636307823468e-01 4.663986304141108929e-01
2.807057003758980374e-01 1.034140373292484760e-01
2.051488425551085015e+00 4.185008643539890549e+00
6.413809553614773229e-01 3.958553484927262445e-01
1.021513210961753959e+00 9.758421052937946705e-01
1.656426300517309880e+00 2.597668595843768191e+00
-2.955705525735546901e-02 -6.768187697501931721e-02
1.398657730117853548e+00 2.102781851649407230e+00
2.539664924118326894e+00 6.475685913741838107e+00
2.598414008847127477e-01 3.260874981295991404e-02
-4.751529394443010368e-01 2.348482904120541281e-01
6.112047699716007809e-01 3.734542527742594764e-01
1.107657652027627559e+00 1.221873941194226321e+00
1.208641549584188013e+00 1.503456955317383104e+00
1.500149742367404837e-01 -2.587329106721536487e-02
1.986651142730057940e+00 4.040885526509012671e+00
6.105157311003921450e-01 4.292881967449655445e-01
-3.479486242336116142e-01 6.915706705788049469e-02
1.472776177561062605e+00 2.117233391406461607e+00
6.478993529456420486e-01 4.258660532313319202e-01
1.369246418229675522e+00 1.812221850991234451e+00
3.293618298892715401e-01 2.317064438470685384e-01
1.046762250901291491e+00 1.045313573195907564e+00
1.639379956035694752e+00 2.659717014892465592e+00
6.966540180363853807e-01 5.251008445301146299e-01
4.698076055388065164e-01 2.144212028619449928e-01
1.298782086246740075e+00 1.583104772403648219e+00
1.613010484286998336e+00 2.467370924557995338e+00
8.063578255186187871e-02 -1.844332573220297533e-02
8.926921319413798628e-01 8.690872156637581281e-01
1.194845743364738366e+00 1.567124314003722763e+00
7.698412361403508264e-01 6.726916300908194479e-01
1.119884481148425426e+00 1.215377767521243157e+00
1.995270822872573735e+00 3.964448184450997559e+00
5.162185692121140645e-01 2.839873990120822533e-01
1.244766119633492485e+00 1.562046757419096821e+00
3.930150959697067403e-01 2.105294767053879079e-01
1.805229814072122352e+00 3.305664638061339922e+00
1.345296156007538046e+00 1.795488761366652808e+00
1.606100417193939922e+00 2.652534981936085501e+00
9.925694292212983161e-02 -1.626720032341367334e-02
5.090496230658287935e-01 2.361695677294121110e-01
9.639953594645995771e-01 9.187966685593370597e-01
8.663542493857800952e-01 7.904211051896196105e-01
1.059254341980991887e+00 1.128518995152818727e+00
7.471892196618272752e-01 4.250470240611010642e-01
4.229971113830844343e-01 1.450375788401849220e-01
7.822403697347666274e-01 7.105906758999670503e-01
1.657314670670469336e+00 2.536145652180012533e+00
1.325762332519765607e+00 1.888975341199274016e+00
1.587912667132912903e+00 2.533213922089859516e+00
-5.316022225699557069e-02 -1.343243264008142646e-02
9.112553373385456901e-01 7.201480735481408102e-01
7.546003923467197172e-01 4.936744586994546435e-01
1.371587145147334263e+00 1.820960859635638363e+00
4.198260780368186396e+00 1.760453014683845296e+01
1.551083245994744342e+00 2.411285455664276434e+00
2.032381329956091776e+00 4.151351149239394189e+00
1.345261882981558577e+00 1.802288042720271211e+00
1.466349836850288080e+00 2.040560354778385932e+00
8.763251472309221413e-01 7.898006526295990870e-01
-1.102332323622320365e-01 -1.636471330434079424e-03
2.686251939743627970e-01 -1.971911054609663816e-02
1.028348970524414208e+00 9.714421076746900807e-01
1.702550036894006080e+00 2.926020888322997671e+00
1.184832124392272146e+00 1.312401743878407689e+00
-1.820770400745308493e-02 2.813669408570011049e-02
-6.117836083515124646e-01 3.158053554592746281e-01
1.325135789043625778e-01 8.655326299226093201e-02
1.219382582908725698e+00 1.587923408584894114e+00
1.127734537323106245e+00 1.253781448265847365e+00
9.943847668170515686e-01 9.536166730102471067e-01
1.476049374401842806e+00 2.172374959104697911e+00
2.747672118815856379e+00 7.650177327588805198e+00
2.961479881696386096e-01 7.900709532497277032e-02
8.876122256249679987e-01 8.062109177025862383e-01
6.685858369129925594e-01 4.151102952631091636e-01
3.307165881409261377e-01 3.183268788841658870e-02
1.787012702864012592e+00 3.220221328297049546e+00
1.514795707893215271e+00 2.332556968271112030e+00
1.329415282479352367e+00 1.664897547107444309e+00
3.943065991378650326e-01 1.125906247396924742e-01
1.454416515053973846e+00 2.147475221456259575e+00
1.365447521615990700e+00 1.767891076884572588e+00
-2.028594553544559975e+00 4.179435510967715928e+00
1.641112654700337625e+00 2.702063319114644813e+00
1.894047644966316835e-01 1.194797291771726999e-01
1.115012509277668595e+00 1.309520633173517190e+00
1.227199653079253272e+00 1.571071321841099655e+00
6.964737603415732670e-01 5.414695824076453112e-01
-3.863473012567306686e-01 2.449429055103435893e-02
1.017039520027971156e+00 9.560335140132573128e-01
9.566591855377659659e-01 8.868246552536247496e-01
1.366510762478468255e+00 1.882158595141994128e+00
8.661306867382184693e-02 3.699920306663555258e-02
1.180103423073620705e+00 1.366842871861211117e+00
1.138220671980816112e+00 1.262358542264864436e+00
7.558934712555173130e-01 5.599093375782678850e-01
1.547009202507802383e+00 2.395055703950812465e+00
1.204850309695703725e+00 1.558698536645672483e+00
1.942458569504492139e-01 1.542886166602800424e-01
4.835523931405464326e-01 1.440240242640481449e-01
8.150237796109758293e-01 7.052754291229103023e-01
2.235883477681866349e+00 5.052331004795310498e+00
1.450175504518407710e+00 2.055977229340144152e+00
6.857851707417622622e-01 4.416802875209451251e-01
-5.004527684228884943e-02 -8.352562685534185849e-03
3.130763364582238584e-01 -7.430845415691411660e-02
8.514756439430053447e-01 6.861392635122703920e-01
1.317297715501183797e+00 1.668933671672077956e+00
2.414281359335178623e-01 1.394904447628190214e-01
9.226512002594619011e-01 8.241911243841092416e-01
1.620293339130077337e+00 2.583121440646292566e+00
1.080077306235690815e-01 -4.214651587959755002e-02
1.349079557745629154e+00 1.708376739211857398e+00
1.478234892767559039e+00 2.265044394969665031e+00
1.125967716832500187e+00 1.413065237151730047e+00
-5.482705810216925713e-05 1.190850805858255923e-01
1.532721379397321337e+00 2.330759659539372031e+00
1.614618462911509233e+00 2.550039950129716626e+00
1.387230310815098067e+00 1.955831690203141848e+00
-1.955092489576577552e-01 -1.038524873250703529e-01
1.424586074055860685e+00 2.149383720970543976e+00
5.913547467664196366e-01 3.819197303282714229e-01
6.350228001873401418e-01 4.551951927345512239e-01
1.443732030956340839e+00 2.053185352937273667e+00
6.904285483636871668e-01 4.599222991897533586e-01
8.281322405387234742e-01 6.985556900931373381e-01
6.826647842053231718e-01 5.537375439103982000e-01
5.203788317039192979e-02 -3.179468555770825766e-02
1.306314740204297387e+00 1.664133122964705169e+00
9.783524395792798645e-01 9.638944152902372275e-01
1.831864973048113354e+00 3.273851376815120950e+00
2.025519151856956523e-01 1.134034143468296285e-01
5.757467651135328435e-03 3.623881182107733384e-02
7.080094249018022978e-01 5.539991576925245020e-01
1.428712747712392872e+00 2.043389330184823383e+00
1.480695408870551955e+00 2.340205605353693485e+00
1.195517862655025354e+00 1.337265055699078165e+00
9.249700971978200847e-01 7.762053645502652310e-01
4.267298111517745518e-01 2.498242677131359279e-01
1.673935331345179467e+00 2.828024018176230836e+00
1.086510626675939006e+00 1.137027687180160562e+00
9.021418996596838324e-01 7.131060746793058680e-01
1.092372281609704343e+00 1.165961013006460378e+00
1.974181387134228638e+00 3.846926384609465899e+00
2.670805503068458542e+00 7.040407433331917986e+00
2.093836050134517013e+00 4.293585587143061488e+00
9.163644308643523750e-01 9.365347267502690531e-01
1.347026986822397188e+00 1.819952437459994465e+00
4.967416962389100688e-01 3.519733717107687010e-01
1.566257357979773168e+00 2.493706505546591679e+00
1.894907000749830317e+00 3.477391296525625286e+00
6.013426897634606139e-01 2.354333133046321302e-01
-2.912219314047637120e-02 -5.972592668871895549e-02
4.201640149261289814e+00 1.764377662102705102e+01
-4.773787615937006290e-01 1.982510586481831538e-01
1.598560939080410970e+00 2.565250876523620160e+00
1.691975179071159296e-01 -6.592012669022564997e-02
4.948915748849347929e-01 2.230473074196991090e-01
5.789916482670443010e-01 3.888644975054905695e-01
7.786593994347018599e-01 7.211808566074172644e-01
2.227227838545568606e+00 4.899680549426333798e+00
6.278334081614787843e-03 4.533480673225628865e-02
1.084811830276259492e+00 1.211468326635140924e+00
4.240841196405861213e-01 3.308635535435118236e-01
1.179228348908113677e+00 1.329884644726536891e+00
-1.171710446491979196e-01 -1.042775661246262420e-01
1.710328327236489532e+00 2.992895408866790063e+00
4.612104555241398618e-01 2.569495841567749905e-01
5.312909328795578645e-01 3.099711338430471419e-01
2.349740257146494815e-01 1.606980152252629745e-01
1.741850542942629643e+00 2.913689210181193978e+00
1.870162745969954576e+00 3.507527528214007262e+00
-7.920876636870630705e-01 5.860092748550402852e-01
1.514971181463810268e+00 2.163215431688157775e+00
1.218933808974825173e+00 1.424688626392584423e+00
5.228698555338515686e-01 3.526523626176996662e-01
1.097400356899056018e+00 1.124485448359466178e+00
1.073524908270571565e+00 1.035834384415313059e+00
1.851963192298692884e-01 -8.110938185048127691e-03
1.460803170275134732e+00 2.172990812166497587e+00
4.172199343725574994e-01 1.327390374629471015e-01
2.103914143850497798e+00 4.483220212883550104e+00
-1.984438393017848856e+00 3.998429560916120895e+00
1.421831153903662548e+00 2.083782352380803893e+00
1.231395564462577585e+00 1.540008364103776506e+00
4.831657746376820661e-01 1.720645084103804567e-01
1.021756766349819712e+00 9.525870246527783358e-01
9.930081162003454587e-01 1.023016230215896716e+00
1.537088713018793351e+00 2.414560085408470336e+00
-6.351692813336692334e-01 4.713853006724752492e-01
8.953815441693454558e-01 8.159795478065250407e-01
1.262019691101720520e+00 1.413506976915773095e+00
3.616799615264876255e-01 5.779978847572286860e-02
1.606211208254969769e+00 2.454862490743323633e+00
8.670709060671286661e-01 8.659703146299054799e-01
4.691123530717961065e-01 2.226936883486292373e-01
1.372527899689103048e+00 1.869433453296893033e+00
9.031169175499214052e-01 7.943328476737442356e-01
1.329275568604549207e+00 1.850904087710939727e+00
1.428866896937878606e+00 2.106503586627126001e+00
2.093237752181154043e+00 4.297251534020604780e+00
5.939798993950151651e-01 3.435475478640355185e-01
7.754767771878360305e-01 6.538668987626976570e-01
1.298199280843935544e+00 1.681527788314347127e+00
-3.029089151538078006e-02 1.217918802033757242e-01
6.778453764303943307e-02 -1.178512768106604880e-01
1.187778584644025859e+00 1.345431438337266528e+00
1.321206843258640129e+00 1.628305550548716951e+00
1.788474362139378382e-01 2.268829489246043662e-02
8.499478764864644154e-01 7.415896030034936359e-01
8.578815641041357409e-01 7.696601649744654328e-01
7.284966928817278031e-01 6.712988726361934777e-01
8.693676580070717197e-01 7.877697051810913509e-01
1.372412282117090099e+00 1.881184289251420561e+00
1.248379907905462494e+00 1.643374658372737773e+00
7.215012986679469886e-01 4.767950505998741484e-01
1.932280669700471298e+00 3.702054637308879848e+00
1.740475602126543286e+00 3.161407252947894708e+00
1.895126320739586312e+00 3.488213054447469652e+00
-2.889386547372153613e-01 1.346280251990812360e-01
6.225785004370459896e-01 3.766668032599428950e-01
1.128818175525412304e+00 1.261169933943422139e+00
1.238639065303728470e+00 1.541226871714679092e+00
9.384749248659879362e-01 8.102228368432953243e-01
9.474006497022704476e-01 8.968685517418887310e-01
6.443878227985110341e-01 2.875288216029922017e-01
5.126378039034282796e-01 2.891827871353191970e-01
2.395648085855071052e+00 5.625492657886986159e+00
7.948294192274183434e-01 7.672689896673511312e-01
8.149590867491285362e-01 7.657260144503641452e-01
1.779829159348205625e+00 3.170790687876505309e+00
1.172697360543349721e+00 1.337377339669421961e+00
3.404991141567902391e-01 1.939278221822660075e-01
1.361764822041567680e+00 1.793260345788683985e+00
1.450082574095879484e-01 -1.116493472560809719e-01
1.909319829477815089e+00 3.587967245769310587e+00
1.700007895387743773e+00 2.831369896265479191e+00
5.553024891903916016e-01 4.065226361860987403e-01
6.919115892426506154e-01 4.181661652793886574e-01
2.532419455595437796e+00 6.329937312756159784e+00
1.235369572255050619e+00 1.441163157772265890e+00
1.598954730078698372e+00 2.576197047007600549e+00
3.304222187503023656e-01 5.270389266406999562e-02
2.125212888709401504e+00 4.637091321212594153e+00
2.337580722445772974e+00 5.554871906554812888e+00
2.111398345985126657e+00 4.412268517524292832e+00
1.318846649696568729e+00 1.891936490716998431e+00
3.525978078011576811e-01 7.254163275495623120e-02
1.829350484451079062e+00 3.379757665281591272e+00
-2.257075810550097650e-01 1.965688913825326678e-02
1.615364669459067093e+00 2.652731390703639835e+00
8.380940872289373011e-01 7.171909756985995754e-01
1.024949894630566627e+00 9.822366400352431359e-01
4.211112943597703051e+00 1.783365549132893335e+01
2.463188250688103764e+00 6.167091813668083233e+00
9.905691811692232118e-01 9.454934348311174741e-01
1.621029684155283590e+00 2.650756604951208573e+00
1.752101720618558733e+00 3.043391410352151105e+00
1.042097537358961601e+00 1.011432678030284027e+00
-1.389385200709882251e-01 6.824131060641483448e-02
1.064269154940233442e+00 1.224964431346397209e+00
1.288499999671423035e+00 1.658003527813959321e+00
8.980899839995515332e-01 7.615692980556740821e-01
4.596481354132399555e-01 2.948656968374397946e-01
3.833219396232678822e-01 2.301191582996219287e-01
-3.237205916750058865e-01 -8.385494810518140385e-02
4.892050489975525163e-01 3.659144756202854509e-01
8.684489807906374814e-01 7.619965980044345333e-01
1.063553754616973990e+00 1.221987135492930143e+00
1.434264964808619203e+00 2.094474876577258726e+00
6.157015288975629108e-01 2.779142826614451334e-01
1.477618465469636044e+00 2.149636892035608593e+00
6.904729167354527464e-01 5.349742928612031267e-01
9.846544609339159537e-01 9.863027424569321688e-01
1.111639792904756341e+00 1.209263871760720477e+00
9.803394795963487063e-01 1.002045087514444210e+00
1.292073743080530024e+00 1.720660102092786747e+00
5.698541523636703188e-01 1.531237135717551379e-01
1.336421110247438815e+00 1.800629558412773390e+00
3.322518679717360590e-01 1.964009484475398026e-01
1.558991457950127391e+00 2.396721320010073875e+00
5.882359920403451570e-01 2.928967074566795614e-01
-1.817629612330639910e+00 3.325496239242622387e+00
1.450423940101108755e-01 -1.158162145218355477e-02
1.263818819974309227e+00 1.617614288457159599e+00
1.078305702383324460e+00 1.143934366634377753e+00
5.943336398086820349e-01 3.592987536489360423e-01
4.213452974468693824e-01 2.202362319345820274e-01
1.781479728020509246e+00 3.226820993484337929e+00
4.703647648955212035e-01 2.362310029370237041e-01
1.208993731297735685e+00 1.341283397513119757e+00
1.234182811787679857e+00 1.437894294445801302e+00
7.995708853471650279e-01 6.509434831947267242e-01
3.296883689749429136e-01 1.059404892942592824e-01
1.807760568890496300e+00 3.297468118348924726e+00
1.792835065339406508e-01 4.437666956726538103e-02
1.803038828125930637e+00 3.371959295843848459e+00
7.301427033837255554e-01 5.383011914976566503e-01
1.238968437624128116e+00 1.647700439652095561e+00
1.417549653720671321e+00 2.051690798035952223e+00
8.499257179682312424e-01 7.413528435821854501e-01
5.066585626272803733e-01 1.757679807588510001e-01
8.234789222326528435e-01 7.272927667322319767e-01
1.137411518242689823e+00 1.215083651387596664e+00
1.427605274667917978e-01 -1.882016983923406883e-02
4.300732940194070819e-01 1.206020761996897672e-01
1.649726604096272142e+00 2.653258283126963768e+00
2.058435699861674184e+00 4.237366646300611883e+00
6.255572316340193284e-01 4.934451588310843073e-01
8.616925164836888307e-01 7.035225643049848321e-01
1.838193170379109898e+00 3.557811377494756400e+00
1.438248490701078186e+00 2.103709692536440912e+00
-1.226140695824884941e-01 5.382679041249363583e-02
1.519016129958270955e+00 2.235153315330678847e+00
-2.449551126834559334e-01 1.363716593957040590e-01
7.215618233186679165e-01 4.499955197148618469e-01
3.121537390131352008e-01 1.628277673740560760e-01
1.953283459938874311e-01 1.513379791906060978e-02
1.477086328240591606e-01 2.962494527134784672e-02
8.666206538626297640e-01 7.772045086276379022e-01
1.867851075787307025e+00 3.396629480809439272e+00
7.659008445239008367e-01 7.023027958532135351e-01
1.762500783249940639e+00 3.149595900258201020e+00
6.176025750563995942e-01 5.022432776380825192e-01
1.634992204695224327e+00 2.646840664042062308e+00
6.003568545555213465e-01 4.248020358049647838e-01
6.927992267399711857e-01 5.560463738747203344e-01
1.791223822930349208e+00 3.303467429862686267e+00
1.269160213586541186e+00 1.584329874200226085e+00
1.148589411255207082e+00 1.169912529655446232e+00
2.198635763896665374e+00 4.799415382904951066e+00
1.744954531477253656e+00 3.079754006278616174e+00
7.755070478239175502e-01 5.118960313938452078e-01
1.025250751707514230e+00 9.739110658751667371e-01
1.521577183062825522e+00 2.402035013935567953e+00
1.663898043825516648e+00 2.826237364922623563e+00
1.333693690202744975e+00 1.670593996536588355e+00
6.428781139968287039e-01 3.540121044721028509e-01
8.905106621393575894e-01 8.013012850348533167e-01
1.096589109330184053e+00 1.247921487666899365e+00
1.471754599527614893e+00 2.359134804141473474e+00
5.042987251642021551e-01 2.335589319423131416e-01
1.435023015432614235e+00 1.960664006370509194e+00
1.169914812356953160e+00 1.391344557321600561e+00
1.339176478254272995e+00 1.716396096993132225e+00
2.262496604880588791e+00 5.215762101520065031e+00
8.267075264975781712e-01 7.357737552631868905e-01
6.243339451088679715e-01 3.456171858726808654e-01
1.253039169943014119e+00 1.651311640517836743e+00
7.824013339248925281e-01 6.608378502524667741e-01
6.086571449752991025e-01 4.728001196996980404e-01
1.794043651603675738e+00 3.211930039453837260e+00
8.524758515322256036e-01 7.427977885303955752e-01
4.260548617379224190e+00 1.800699256767794054e+01
1.744932921692488259e+00 3.051025285782423602e+00
6.168061358164429464e-01 3.702228001992249884e-01
9.404490772447351432e-01 9.289858745748302837e-01
1.770712072910896495e+00 3.217443820956391143e+00
1.276316496531232358e+00 1.601022089012535288e+00
9.721635592037549678e-01 9.387597725924142766e-01
-4.533577315312509182e-02 5.486346889636600777e-02
3.681168484490112136e-01 1.155283613952698407e-01
1.157956505923073864e+00 1.419901576143791866e+00
1.678125107282355533e+00 2.889991035544138054e+00
5.293379897341877749e-01 2.613365013512587431e-01
1.280324484321145651e+00 1.557715627648661005e+00
-1.102672128378930361e-01 8.611539547178753695e-02
8.412913088657885119e-01 7.511911925107681576e-01
1.311774290872603554e+00 1.672495143193641898e+00
1.675238652433473474e+00 2.741760796787575227e+00
6.731548854795355030e-01 4.253196266214077093e-01
1.543388146497641999e+00 2.396515089532992970e+00
3.656366809720046906e-01 1.332178065628188413e-01
2.288855963306749564e-01 -4.527756624772560912e-02
7.647967292103573511e-01 5.518023046359825656e-01
1.364959836479345601e+00 1.884429958944627392e+00
2.070699505850099431e+00 4.284171147086111020e+00
3.724950927588650540e-01 1.312321242917957043e-01
1.915066291879446325e+00 3.711251056144746929e+00
1.767808212684577107e+00 3.003591602804100980e+00
5.802801563299173626e-01 2.021456887007526682e-01
1.452474872860502364e+00 2.133554617521202346e+00
-1.798549979136032428e+00 3.103148203141987693e+00
8.870285622133406989e-01 7.099213762316713972e-01
1.666217397185437488e+00 2.707763190624899341e+00
1.655632938953215616e+00 2.688218402397946072e+00
2.449645552687150118e+00 6.046141018542691370e+00
1.074853363595412503e+00 1.123126587942905097e+00
9.438536499534756485e-01 7.496042315424480407e-01
5.578341063977225733e-01 3.350677948361799330e-01
-2.869202210939397202e-01 1.547041119380641039e-01
7.637042879379889460e-01 6.078147373510065510e-01
2.739305113316576890e+00 7.483332968002395447e+00
1.679489893613030471e+00 2.900552755889361567e+00
7.502166783247919968e-01 5.697056565848115373e-01
1.069719104898414486e+00 1.151096003233273324e+00
5.636122141586475953e-01 3.063749286881249922e-01
8.170287950811710997e-01 7.558212596806717087e-01
2.094948407690448988e+00 4.343199409876541850e+00
2.463447331372367710e+00 5.978324042102725500e+00
5.572786843375234778e-01 2.795051595164550484e-01
8.812381937338827909e-01 6.337773408917055651e-01
4.036133080150796637e-01 1.671863550577977198e-01
3.256058438349044848e-01 1.090048808743933062e-01
1.576696862439279201e+00 2.466321878875177731e+00
9.992727615938461483e-01 1.039233069178562507e+00
1.733516017877896997e+00 2.916041495021747920e+00
6.815240733260637951e-01 5.143479537502879673e-01
9.546427814549517388e-01 8.636105773598761193e-01
3.385747131975334057e-01 1.895153748837148655e-01
-2.768001127234135383e-01 8.947194912359873742e-02
5.872597160104640057e-01 3.152340068933181527e-01
1.121783218906102331e+00 1.281430861414869504e+00
1.141185265655370484e+00 1.214381349320152736e+00
1.946698783110722086e+00 3.745884139582037697e+00
2.189349446593994664e+00 4.891829896994555504e+00
8.214310308040890796e-01 6.266834412421615763e-01
5.007403933289146236e-01 3.235384185474728391e-01
5.588498266761262601e-01 2.975899222833309210e-01
1.667275250528498676e+00 2.771039999416884392e+00
1.495119262209011701e+00 2.159694432436287226e+00
8.556043196495572989e-01 5.573340361381404762e-01
5.757100516605101470e-02 6.713625800269484856e-02
1.358070386070461932e+00 1.906956001025112535e+00
1.424785219263663638e+00 1.996986188844092069e+00
1.065993645629777165e+00 1.144580856163630589e+00
1.007945558495127791e+00 1.096541653820153117e+00
8.729510005825458219e-02 1.198623333448212147e-02
1.367132018998177934e+00 1.774892676101285760e+00
8.688893411988591886e-01 8.789535422442044110e-01
1.675242625541984776e+00 2.801350979569917854e+00
3.252038620760533405e-02 -1.579487546707891710e-02
4.797220953280443290e-01 2.075892811625854595e-01
6.549120129091894338e-01 3.579402196998989205e-01
1.384944617827011060e+00 1.932336409387560572e+00
7.157567415927099663e-01 4.938835483499385282e-01
5.060662766088885878e-01 2.476844838594558507e-01
1.434107129683175885e-01 -7.389049350481907696e-02
1.416779721319872287e+00 2.085611956750893725e+00
7.730095732886432813e-01 6.226598704714536581e-01
-7.539587902759435634e-02 -9.432022555104918604e-03
7.143026931310388905e-01 4.876875088067054165e-01
5.290871751984116411e-02 -4.129993877824123666e-02
-2.056959888409723991e-01 6.786819046417227885e-02
1.074692251858387237e+00 1.260737185406206162e+00
7.379790397890220177e-01 6.754950152580523337e-01
1.113638722191139463e+00 1.291907006177057227e+00
1.167600682124112943e+00 1.373285873220432940e+00
2.656015522548574204e+00 7.070073417617747324e+00
1.200062331848867014e+00 1.392721765977869897e+00
1.412259307268241670e+00 2.024712642622542802e+00
2.003484771581741875e+00 4.020069784130710033e+00
1.021833295798803221e+00 1.102987125861450979e+00
4.208633930834668746e+00 1.764941921054025187e+01
1.693242132796681787e-01 1.263033131980805246e-01
8.204574868381433461e-01 6.376729098942293117e-01
1.231117288447783675e+00 1.526147685747159866e+00
-1.133157112064037131e-01 7.546457059286970637e-03
1.399152121998133103e+00 2.020209056875765796e+00
-4.739102735492615737e-01 2.263462130415271611e-01
7.892060517913838114e-01 6.041008888576224756e-01
1.488814061775063147e+00 2.180571616743205876e+00
1.365252828051132905e+00 1.904337417214702510e+00
2.105173432274030532e+00 4.333613051700760721e+00
1.558054291995243590e+00 2.440089637974437231e+00
9.857789722937799759e-01 9.737544356977524407e-01
1.098643969193027425e+00 1.081210926910129100e+00
2.118823316178711558e+00 4.414954096397469385e+00
9.409665599934163849e-01 8.800176686087038957e-01
3.220373124125828213e-01 1.066647074519231353e-01
1.417599809170608571e+00 2.031987397761200853e+00
1.339549571172388376e+00 1.862526718682912863e+00
2.171509883608968572e-01 7.003869859677491760e-03
5.098674860546268395e-01 2.058570864127466926e-01
1.250647608440116798e+00 1.583480465513203761e+00
9.414955504445025047e-01 8.591746805492099792e-01
1.791878358614538369e+00 3.248962917045834065e+00
9.920957048086864738e-01 9.793327328054535208e-01
7.408553261265306000e-01 4.392273671687079162e-01
1.474127672922640686e+00 2.169132640713588245e+00
-6.174998563969382737e-01 3.116725155550339466e-01
2.471174735173720105e-03 3.587063145048768886e-02
-1.814445271121698289e+00 3.317608197311959106e+00
1.617241755285705240e+00 2.621376672159346111e+00
-3.391907504396754480e-01 1.200878033075585827e-01
-5.013318681710213220e-02 9.698111702108101750e-02
1.276857521255885031e+00 1.778411128802222407e+00
5.451061368057775747e-01 5.213749298830162582e-01
9.168089182506794499e-01 8.857911733134824495e-01
2.182781600753438134e-01 1.779736395575540198e-01
1.392242266198975287e+00 1.948573955012042225e+00
1.539311391315705935e+00 2.413657730510148980e+00
1.745450287466156158e+00 3.031282861152622576e+00
6.511465327778989121e-01 4.790290282769782415e-01
1.125761906746873375e+00 1.249244833624554074e+00
3.664526041311642057e-01 9.827800957181241637e-02
8.957466657868328186e-01 8.209236102507431188e-01
2.244158890145231844e+00 4.930436368912144651e+00
7.998634241209883200e-01 5.683167395031887281e-01
1.500934377178301471e+00 2.003589763502274135e+00
8.039368238889772478e-01 6.862234704614549319e-01
1.222275569320170563e+00 1.506006657066946808e+00
9.062937047080512620e-01 8.411579259311041668e-01
3.394348683816008072e-01 1.762573461526759644e-01
2.142018103569713450e+00 4.638458583900070487e+00
7.909001523558399915e-01 5.429718331788436769e-01
1.199931929390922081e+00 1.605595313079298814e+00
1.835221031746598896e-01 1.230244171960213073e-01
1.144629160638092724e+00 1.407279700749018314e+00
8.138751662428470590e-01 6.112117297310464270e-01
1.312065953638853255e+00 1.801517490644401587e+00
9.865903313777946160e-01 1.066345174635031423e+00
1.407676203660987335e+00 1.919815234520212410e+00
1.146606814592364021e+00 1.312593704557811991e+00
1.349864246933983658e+00 1.788376733424719811e+00
8.932034002482246160e-02 6.093984520517216341e-02
8.275552027283284984e-01 6.374126440291232321e-01
4.724839473799523071e-01 3.123775798579451757e-01
1.361121274438724660e+00 1.851605376250599289e+00
2.668985005542776623e-01 5.461883299047443074e-02
9.975194682385475353e-01 8.974527208585675320e-01
1.051042061893803448e+00 9.891739728517165986e-01
1.312148014246878436e+00 1.749055801742743776e+00
1.737625492948348782e+00 3.009046507821206973e+00
4.655196796656183578e-01 3.162148880685600183e-02
1.124416968082312618e+00 1.308732728435916481e+00
1.420572539198434958e+00 1.921108818192190260e+00
1.448869658867702803e+00 2.270377290161095019e+00
4.721738253047486067e-02 1.940818641053609905e-03
1.000203919360892701e+00 9.472775834732006794e-01
1.579513589265581830e+00 2.472310168232733751e+00
7.963768926374126256e-02 4.772313752796136788e-02
1.794801889953060225e+00 3.251645180688451653e+00
1.505237868728123818e+00 2.328138420166443012e+00
4.877026111325466484e-02 1.243216723397322365e-01
2.127825624176610475e+00 4.573564909454797878e+00
8.813989361495697672e-01 7.146311401142089181e-01
1.362696286845564764e+00 1.913510212510445285e+00
1.661175451195001207e+00 2.763735905574461249e+00
1.828906105699344753e+00 3.431608745435056562e+00
2.110079938572886893e-01 1.911688728645494217e-02
8.010264554116585112e-01 6.619180685702018563e-01
1.411952402270791884e-01 5.574391168001879837e-02
1.509555462149519744e+00 2.247925469791709041e+00
1.426373030713016909e+00 2.151189237634891782e+00
2.257384869247956338e+00 5.188540464696753673e+00
